! Aerik~ 5 0 0 994582830 80 10 0
! Aliera~ 5 0 0 1030897850 80 0 0
! Anima~ 5 3 7 1039938844 80 40 10
! Anthrax~ 4 1 4 1109907654 80 0 0
! Anu~ 5 0 0 998410970 80 7 0
! Arekaine~ 1 0 0 1092536546 80 10 0
! Asher~ 5 0 0 994645818 49 0 0
! Asia~ 5 0 0 992016305 51 0 0
! Asmodean~ 5 0 0 1042880161 65 0 0
! Azurath~ 5 0 0 1004819063 43 0 0
! Balandra~ 4 1 0 992018111 80 2 0
! Balbazak~ 1 0 4 1128393904 80 12 0
! Banzai~ 1 1 4 1149180372 80 40 20
! Bozo~ 5 0 0 1007870216 40 0 0
! Bubbles~ 5 0 4 1031107761 80 34 0
! Capri~ 4 1 2 1107643527 80 6 0
! Cassie~ 4 1 0 1004471900 80 35 0
! Chakra~ 1 1 4 1091422146 80 40 4
! Coen~ 5 4 0 1121376184 80 40 20
! Elsdragon~ 1 2 4 1147748841 80 40 20
! Fig~ 1 1 4 1108796420 80 40 1
! Fleger~ 4 0 4 1040427350 80 16 0
! Fritz~ 4 1 0 1049140199 80 40 5
! Grimlock~ 5 0 0 1012144492 33 0 0
! Gruthug~ 5 0 0 0 20 0 0
! Hexx~ 4 1 0 1064777425 50 0 0
! Icehawk~ 5 0 2 1029355520 80 11 0
! Isolde~ 5 0 0 0 80 0 0
! Jacobin~ 1 4 1 1091513051 80 40 20
! Jassifer~ 5 0 0 1053799034 80 15 0
! Jet~ 5 0 0 996257726 80 4 0
! Jihad~ 5 0 0 1014091934 80 28 0
! Karrde~ 1 4 1 1125878794 80 40 20
! Kublai~ 5 2 6 1000878857 80 40 10
! Luniz~ 5 0 0 1020008178 28 0 0
! Merlin~ 5 0 0 1007930529 53 0 0
! Midian~ 4 1 7 1050326433 80 40 12
! Moribund~ 1 0 0 1079185460 25 0 0
! Myth~ 5 0 4 1102899970 80 40 15
! Natasia~ 5 4 7 1039183174 80 40 20
! Nazir~ 1 0 4 1091045225 80 2 0
! Pippin~ 1 1 4 1087127923 80 40 20
! Puck~ 1 1 4 1111869540 80 40 9
! Rakeri~ 5 0 0 1121883842 80 0 0
! Rand~ 1 3 1 1098146400 80 40 20
! Retro~ 1 0 0 992704145 20 0 0
! Rowen~ 4 1 0 1027932590 49 0 0
! Roxy~ 3 3 0 1149179886 80 40 8
! Samnis~ 5 0 0 1003023698 80 10 0
! Skittles~ 5 0 0 0 22 0 0
! Spiff~ 1 4 5 1149611778 80 40 20
! Stumpy~ 1 1 4 1103215890 80 3 0
! Tess~ 5 0 0 995406247 80 7 0
! Thorin~ 1 0 0 1079181854 80 11 0
! Thorne~ 1 0 4 1040290729 80 40 5
! Trelk~ 4 3 3 1071636120 80 40 12
! Tricky~ 5 0 0 1125112421 48 0 0
! Ugh~ 1 0 4 1079494175 33 0 0
! Ult~ 5 0 0 995288368 55 0 0
! Ultimate~ 5 2 0 1016640223 80 36 0
! Zenn~ 3 2 0 1066108574 80 40 20
! Zeradon~ 5 3 3 1128393791 80 7 0
! Azi~ 5 0 0 1004241309 40 0 0
! DarkFox~ 5 0 0 1044410750 80 5 0
! Riggs~ 4 4 7 1101626878 80 40 20
! Xerius~ 1 0 0 1041644781 33 0 0
! Airreith~ 5 0 0 1035147916 80 0 0
! Rizzen~ 5 0 0 1125812869 80 40 8
! Foster~ 1 0 4 1091045206 26 0 0
! InfuseBoy~ 1 1 4 1149266479 80 40 20
! Deckard~ 1 0 4 1091045100 26 0 0
! Xexor~ 1 1 4 1091393997 80 40 6
! Who~ 1 0 0 1026955748 27 0 0
! Grotsnik~ 1 0 4 1121811315 80 38 0
! Tracer~ 1 0 0 1149177980 26 0 0
! Mandorallen~ 1 0 4 1128607340 80 40 16
! Sente~ 1 0 4 1100664163 80 40 11
! Horatio~ 1 1 5 1091508735 80 40 20
! Langdon~ 4 0 4 1039645726 80 11 0
! Mykila~ 1 0 0 1028505692 80 0 0
! Fortinbras~ 1 0 4 1090658798 80 40 17
! Net~ 6 2 7 1128389276 80 40 20
! KenOhki~ 6 3 7 1128389221 80 40 20
! Converge~ 6 4 3 1149044143 80 40 20
! Solan~ 1 0 0 1027963945 39 0 0
! Verian~ 6 3 7 1128555708 80 40 20
! Eru~ 6 2 7 1128389074 80 40 20
! Laertes~ 1 0 4 1089753208 35 0 0
! Devlex~ 6 1 6 1128388280 80 40 1
! Chula~ 6 1 4 1109193293 80 40 20
! RyoOhki~ 6 3 7 1128389135 80 40 20
! Descent~ 6 1 6 1103149737 80 0 0
! DeathBringer~ 4 2 6 1057633929 80 11 0
! Solarus~ 4 0 6 1077428172 80 9 0
! Frantik~ 1 0 4 1050208357 80 7 0
! Krust~ 1 1 4 1114672961 80 40 20
! Stang~ 1 0 0 1099360746 80 40 13
! Scorn~ 4 1 4 1149309720 80 40 10
! Tgcid~ 6 2 7 1069279649 80 40 20
! Kongol~ 4 1 4 1048064246 80 15 0
! Gromph~ 1 1 4 1053124256 80 40 9
! Shao~ 6 3 7 1128389177 80 40 20
! Mazor~ 5 2 0 1066108689 80 40 20
! Boem~ 5 0 0 1041288794 80 7 0
! Japper~ 5 0 0 1033152535 48 0 0
! Mokbosh~ 1 1 4 1071209465 80 9 0
! Andras~ 4 0 6 1039477159 80 0 0
! Mace~ 6 2 7 1094747301 80 40 20
! Arsonist~ 6 1 5 1112503335 80 40 20
! Dominiak~ 5 0 0 1107998286 31 0 0
! Conflict~ 6 1 5 1128390563 80 40 5
! Syric~ 6 0 4 1067323215 33 0 0
! Focker~ 6 1 5 1112500554 80 25 0
! Winkey~ 1 1 4 1074287429 80 40 8
! Cari~ 6 1 4 1112500069 80 40 20
! YuGiOh~ 1 0 4 1047017344 80 11 0
! Kidney~ 7 4 7 1118943564 80 40 20
! Goldtoad~ 7 2 6 1149373128 80 40 20
! Nero~ 7 0 4 1099531557 80 40 3
! Jebus~ 7 2 6 1148075135 80 40 20
! Jebus~ 0 0 0 0 0 0 0
! Opus~ 7 0 4 1113206872 80 40 16
! Frenzy~ 7 3 7 1101865399 80 40 20
! Potence~ 7 2 7 1091046462 80 40 20
! Anomen~ 7 0 4 1074958487 80 15 0
! Solaus~ 6 1 4 1112500332 80 5 0
! Morgana~ 6 0 4 1148594336 80 15 0
! Sion~ 6 1 6 1126206180 80 40 20
! Walker~ 6 0 0 1148672871 80 40 15
! AsianKid~ 6 0 4 1071638743 80 40 9
! Nevyin~ 7 3 5 1107220518 80 40 20
! Absolut~ 6 0 0 1044394538 80 40 3
! Ruprect~ 7 1 6 1120618855 80 40 20
! Defiance~ 6 1 4 1090571199 30 0 0
! Nectar~ 6 1 4 1066020007 80 15 0
! Danky~ 7 0 0 1077362355 42 0 0
! Dego~ 7 0 4 1084647871 80 0 0
! Gruffie~ 7 3 5 1106969261 80 40 20
! Fury~ 4 0 4 1149180715 80 2 0
! Bradul~ 6 0 0 1075757851 36 0 0
! You~ 4 0 4 1149179302 80 0 0
! Trinity~ 6 0 4 1128389855 80 7 0
! Dazed~ 4 0 4 1051599565 80 40 7
! Talonas~ 1 1 4 1112248283 80 14 0
! Marasmus~ 7 0 4 1043956920 26 0 0
! Vyper~ 4 1 6 1094970892 80 40 11
! Fink~ 7 3 7 1105849884 80 40 20
! Rinduil~ 1 0 0 1128389530 39 0 0
! Cercyon~ 6 0 4 1147810649 80 14 0
! Varus~ 6 1 4 1103943665 80 14 0
! Mideon~ 4 0 0 1053248477 26 0 0
! Lans~ 6 1 4 1050194529 80 40 1
! Dogen~ 6 0 4 1044825276 80 0 0
! Galdar~ 1 0 0 1109309669 80 5 0
! Stryfe~ 6 3 7 1148232632 80 40 20
! Validus~ 1 1 4 1147748880 80 40 20
! Palleon~ 1 2 5 1099858308 80 40 20
! Elminster~ 1 1 5 1098146008 80 40 20
! Kessler~ 7 0 4 1098741252 80 40 20
! Shea~ 1 1 4 1149607837 80 27 0
! Lem~ 8 1 0 1108363083 80 40 7
! Jarosz~ 8 2 4 1072492423 80 40 12
! Demas~ 4 0 4 1149180788 80 10 0
! Sparhawk~ 1 1 4 1098145921 80 40 20
! Dias~ 6 0 4 1119329283 80 40 12
! Dax~ 4 0 0 1056354267 28 0 0
! Phebe~ 4 1 4 1061824081 80 0 0
! Bladder~ 8 1 4 1128010047 80 40 12
! Tanida~ 8 0 4 1147793902 80 40 10
! Feldir~ 1 2 7 1149248258 80 40 20
! Chewie~ 2 3 4 1075502289 80 40 20
! Shaggy~ 4 0 0 1048126736 61 0 0
! Lucian~ 4 0 0 1111859297 80 40 8
! Olan~ 6 1 4 1066839650 30 0 0
! Jett~ 1 1 4 1050067185 80 40 2
! Arbok~ 4 0 0 1050371597 80 0 0
! Mystery~ 1 0 0 1100288510 80 40 2
! Ryo~ 4 0 0 1147807728 80 13 0
! Xosis~ 6 2 5 1109907725 80 40 20
! Dartane~ 8 1 4 1110870750 80 40 20
! Player~ 8 2 4 1089628335 80 40 20
! Norritt~ 8 4 7 1147882887 80 40 20
! Dameon~ 8 0 4 1111286431 80 40 16
! Restov~ 8 1 4 1110870661 80 0 0
! DoctorDRE~ 6 0 4 1052117308 26 0 0
! Vandole~ 6 0 0 1074663820 80 40 6
! Rayne~ 6 0 0 1074663934 80 40 10
! Xero~ 6 0 0 1118967357 80 6 0
! Rex~ 6 0 0 1049001026 26 0 0
! Perian~ 1 1 4 1128415624 80 40 20
! Charly~ 1 1 4 1053785733 80 35 0
! Sebastion~ 1 0 0 1050042127 80 0 0
! Itar~ 8 1 4 1110870683 80 40 6
! Yretsym~ 1 1 4 1100287507 80 40 10
! Hinata~ 6 4 7 1147747914 80 40 20
! Saeros~ 6 0 4 1127328320 80 40 20
! Fenrir~ 6 0 4 1127293440 80 40 20
! Antares~ 8 0 4 1099964057 28 0 0
! Moira~ 4 0 0 1110500097 80 40 13
! Maxxx~ 6 1 4 1149470245 80 40 20
! Yoke~ 1 1 6 1149641013 80 40 20
! Drachen~ 8 0 0 1094146139 34 0 0
! YeeShin~ 1 1 4 1149642568 80 40 20
! Radar~ 6 0 0 1058228927 60 0 0
! Niode~ 6 1 4 1058748380 41 0 0
! Dirk~ 5 0 4 1104390739 80 40 10
! Gaul~ 5 0 0 1116913763 80 40 8
! Mack~ 5 0 4 1125691372 80 40 8
! Orb~ 5 0 0 1116449570 80 9 0
! Winter~ 5 0 0 1062082822 40 0 0
! Sunshine~ 5 0 4 1148499539 80 28 0
! Tulkus~ 6 1 4 1099707285 80 40 17
! Kachiko~ 5 0 0 1063916809 80 0 0
! Gurth~ 1 1 4 1128391272 80 40 20
! Deviel~ 6 1 4 1095649573 27 0 0
! Shock~ 1 0 4 1149180257 80 40 20
! Biscuit~ 5 0 0 1149337553 80 31 0
! Mastermind~ 5 0 0 1066783315 80 40 6
! Ziro~ 5 0 0 1148493722 70 0 0
! Stratica~ 5 0 0 1109566557 80 0 0
! Kevin~ 5 2 0 1149179964 80 36 0
! Kel~ 5 0 0 1064668755 26 0 0
! ShadowWolf~ 5 0 0 1128389641 80 5 0
! Fredd~ 5 1 0 1078002787 80 31 0
! Squee~ 5 1 4 1113622931 80 40 13
! Dachande~ 5 0 0 1068144544 26 0 0
! Sylvia~ 3 0 0 1128642566 80 0 0
! Produs~ 5 1 4 1076780388 80 0 0
! Vallely~ 7 1 6 1098741983 80 40 20
! Root~ 1 0 4 1128372484 60 0 0
! Dahn~ 7 0 4 1147961920 80 40 7
! Xris~ 7 0 4 1079574212 80 40 11
! Frug~ 7 0 4 1088657805 80 40 20
! Fred~ 7 2 4 1101865445 80 40 20
! Memnoch~ 8 1 4 1110247758 80 40 4
! Lyd~ 3 3 5 1128386356 80 33 0
! Klaudia~ 8 1 4 1148755983 80 10 0
! Barinten~ 6 2 4 1128467826 80 33 0
! Levant~ 5 0 0 1066597613 28 0 0
! Exidus~ 5 0 0 1073707535 80 0 0
! ChiToad~ 7 0 4 1082572546 80 17 0
! Shina~ 1 1 4 1148756047 80 0 0
! Draclau~ 6 1 4 1067280544 60 0 0
! Gavin~ 7 0 0 1075019027 48 0 0
! Nikon~ 8 1 4 1110870790 80 28 0
! EbEnEzEr~ 7 1 4 1100188938 68 0 0
! Gomess~ 7 0 4 1079493280 80 25 0
! Deriol~ 6 1 4 1112500273 37 0 0
! Agathron~ 5 1 4 1066749006 42 0 0
! Celia~ 5 0 4 1116779843 43 0 0
! Jak~ 6 0 4 1079483863 80 14 0
! Xombie~ 6 1 4 1068099234 80 11 0
! Todd~ 1 1 4 1149345047 80 40 20
! Jinka~ 1 0 4 1066764127 42 0 0
! Jayde~ 7 0 4 1075018997 80 0 0
! Serpentor~ 7 0 4 1091634616 80 40 20
! Dent~ 1 0 4 1149125071 80 40 20
! Solblindi~ 8 0 4 1148396569 80 40 20
! Jublee~ 8 0 0 1103497537 64 0 0
! Denaria~ 6 1 4 1104432091 80 12 0
! Nevix~ 3 0 0 1148484954 40 0 0
! Reaper~ 6 1 0 1122517011 80 40 17
! Kwashiorkor~ 7 0 4 1069033516 26 0 0
! Alouzora~ 7 0 4 1070247306 26 0 0
! Vindication~ 8 3 4 1110875037 80 5 0
! Mufasta~ 7 2 7 1126419172 80 40 20
! Zoey~ 5 3 6 1149180610 80 40 20
! Smokey~ 7 0 4 1079419392 80 10 0
! Visceral~ 1 1 4 1111796844 80 40 20
! Vortex~ 1 0 4 1115083344 80 40 19
! Venue~ 1 3 5 1112323468 80 40 20
! Lothous~ 8 0 4 1111287207 80 40 20
! Akade~ 1 1 4 1079319511 80 15 0
! Shimano~ 7 3 7 1105849811 80 40 20
! Sina~ 6 0 4 1128032835 80 0 0
! Nemesis~ 7 0 4 1079580786 80 25 0
! Bone~ 8 0 4 1110870772 80 40 6
! Abaddon~ 7 0 4 1148075187 80 40 20
! Roxane~ 3 0 0 1148755834 45 0 0
! Cerealkiller~ 5 0 0 1074388358 80 9 0
! Mattix~ 3 2 7 1118862869 80 40 7
! Konrad~ 6 1 4 1128395821 80 40 17
! Dilsnic~ 6 0 4 1120246693 80 40 4
! Nevoire~ 6 0 0 1147786861 80 40 20
! Psypheon~ 7 0 0 1074723284 80 25 0
! Kruk~ 6 0 2 1072409382 26 0 0
! Eskel~ 5 0 6 1099315326 80 40 14
! Lahn~ 1 1 4 1108791670 80 40 20
! Kyogaden~ 1 1 4 1103380896 80 25 0
! Gnar~ 1 1 5 1098672719 80 40 11
! Agravaine~ 8 0 0 1085610798 80 11 0
! Thorn~ 1 1 4 1102778775 80 40 20
! Vin~ 6 1 4 1128311695 80 7 0
! Ehric~ 1 1 4 1099028038 80 9 0
! Mercury~ 6 1 4 1128112306 80 40 20
! Carbon~ 6 2 5 1120515494 80 40 20
! Kamford~ 8 0 4 1127946371 80 0 0
! Nebulon~ 7 0 4 1071888967 32 0 0
! Mercutio~ 6 1 4 1147786854 80 40 20
! Archvile~ 6 1 4 1147786942 80 40 20
! Frosty~ 7 0 4 1079340058 31 0 0
! Kigart~ 6 1 4 1073370884 80 0 0
! Sora~ 6 1 4 1104650802 80 40 16
! Snuffy~ 6 1 4 1099670983 80 40 20
! Cthulu~ 6 1 4 1101685088 80 25 0
! Line~ 3 1 4 1072730146 77 0 0
! Telchar~ 3 4 7 1148257898 80 40 20
! Elros~ 1 1 4 1087309137 80 40 10
! Yoink~ 1 0 0 1111865170 80 0 0
! Kegart~ 6 0 4 1087353860 80 15 0
! Quietus~ 6 0 0 1128112394 80 14 0
! Desperado~ 6 0 0 1103323858 70 10 0
! Switchblade~ 1 0 4 1107983354 80 40 20
! Spitfire~ 1 0 4 1107985146 80 10 0
! Poke~ 1 0 0 1093331265 80 0 0
! Killalot~ 1 0 4 1128372509 42 0 0
! Cyrik~ 1 2 5 1096838146 80 40 20
! Valeix~ 5 1 4 1082137846 80 0 0
! Fliara~ 5 0 4 1117847789 66 0 0
! Crush~ 1 1 4 1111868403 80 40 12
! Ocearin~ 3 3 7 1118907743 80 5 0
! Tanahka~ 5 0 4 1095802325 80 5 0
! Griff~ 7 0 4 1082572532 80 40 8
! Balzitch~ 7 3 6 1149000834 80 40 20
! Var~ 7 0 4 1097785782 80 40 20
! Satsu~ 6 3 7 1147748077 80 40 20
! Nemix~ 6 1 4 1076636873 80 40 11
! Cerenity~ 6 0 4 1074120219 80 12 0
! Zyril~ 1 1 4 1147747728 80 40 20
! Skip~ 1 1 4 1147748052 80 40 20
! Ramerez~ 6 0 0 1088366036 80 40 20
! Vegnagun~ 6 0 4 1103175245 80 0 0
! Daenyth~ 6 1 4 1147786950 80 40 20
! Bush~ 6 1 4 1077062445 80 32 0
! Osmoses~ 1 1 4 1128393853 80 40 1
! Osmosis~ 1 1 4 1128393742 80 25 0
! Coalesce~ 6 1 4 1128390581 80 6 0
! Kilron~ 6 1 4 1106698998 80 40 13
! Gren~ 1 3 6 1122753462 80 40 20
! Truck~ 3 0 4 1111807923 80 14 0
! Axe~ 7 3 7 1120439358 80 40 20
! Ithillion~ 3 2 0 1077460573 80 40 13
! Khellendros~ 1 1 4 1147748171 80 40 20
! Babaganoosh~ 1 1 4 1147813189 80 40 20
! Sledge~ 1 0 4 1098753543 80 40 17
! Ashram~ 1 1 4 1109293659 80 7 0
! Zxalinth~ 1 0 4 1111797016 80 40 20
! Malystryx~ 1 0 4 1147747774 80 40 20
! Brolly~ 1 1 4 1111868667 80 40 17
! Cyanide~ 3 2 4 1092664688 80 40 20
! Fictional~ 1 0 4 1149180671 80 40 20
! DarkSol~ 1 0 4 1147813171 80 40 20
! Swede~ 3 1 4 1103537239 80 11 0
! PUDFUNKER~ 3 2 4 1121133331 80 2 0
! ReLLsiN~ 1 0 0 1084375962 26 0 0
! Pathos~ 6 0 0 1112502199 26 0 0
! Janus~ 1 1 4 1099027423 80 25 0
! Bigbird~ 6 0 4 1079240236 32 0 0
! Greyik~ 6 0 4 1076098904 37 0 0
! Boost~ 3 0 4 1110967365 65 0 0
! Feanor~ 1 0 4 1085332094 80 0 0
! Onysablet~ 1 0 4 1128393516 80 40 20
! Einstein~ 3 3 7 1149629686 80 40 20
! Zazami~ 1 1 4 1091859873 80 40 16
! Beryl~ 1 0 4 1128393440 80 40 20
! Magius~ 1 0 0 1147747706 55 0 0
! Kaspar~ 1 0 4 1128415636 80 40 20
! Raiden~ 3 1 4 1100010772 80 40 20
! Newsted~ 6 2 4 1118769633 80 40 20
! Salamando~ 1 1 4 1122697499 80 40 15
! Zilbo~ 1 0 0 1082488622 80 0 0
! Nlogax~ 1 0 4 1082488583 80 8 0
! Rom~ 1 0 4 1128391218 80 40 20
! BloodLust~ 1 0 4 1086103115 31 0 0
! Ted~ 1 0 4 1117487769 80 40 20
! Haltor~ 3 1 4 1096354548 80 0 0
! Shelly~ 1 0 4 1149039998 80 40 20
! Gellidus~ 1 0 4 1128393774 80 11 0
! Calenol~ 1 0 0 1147794048 80 40 20
! Oberin~ 1 0 4 1128398612 80 0 0
! Mogwai~ 3 1 4 1149612141 80 40 20
! Logix~ 5 0 0 1112844855 80 32 0
! MrStar~ 1 0 0 1147747693 26 0 0
! Valas~ 1 1 4 1111869399 80 40 20
! Phor~ 3 1 4 1101159975 80 40 5
! Aphex~ 1 0 0 1099533650 30 0 0
! Takashi~ 3 1 4 1147777833 80 0 0
! Dink~ 3 1 4 1121133340 80 2 0
! Kiyah~ 6 2 4 1115881632 80 40 20
! Jeggred~ 1 1 4 1099029021 80 40 17
! Martok~ 1 0 4 1128391260 80 40 20
! SpongeBob~ 1 0 4 1128372697 27 0 0
! Tylynn~ 3 1 4 1149637584 80 25 0
! Ila~ 1 0 0 1105167002 80 40 20
! Zhao~ 1 1 4 1117487817 80 40 20
! Breath~ 1 0 4 1125283809 80 14 0
! Merc~ 1 0 4 1103927912 80 25 0
! Matt~ 1 0 0 1147953332 80 40 20
! Rioku~ 1 0 0 1147995006 80 40 20
! Souljah~ 1 1 4 1148427789 80 40 20
! Ouroboros~ 1 0 4 1079484156 49 0 0
! Poink~ 1 1 4 1148269172 80 40 20
! Benjamin~ 1 0 0 1147748455 80 40 20
! Atreyu~ 1 0 4 1147749627 80 40 20
! Galahad~ 1 0 4 1148269199 80 40 20
! Marijuana~ 1 0 0 1128390845 80 25 0
! Perseus~ 1 0 0 1128390858 80 25 0
! Turiel~ 1 0 0 1128390869 80 17 0
! Malak~ 1 0 4 1128390833 80 40 20
! Siegeon~ 3 1 0 1091990719 80 0 0
! Crie~ 3 2 0 1099467431 80 40 4
! Tristan~ 1 0 0 1084866149 80 40 7
! Kerrith~ 1 0 4 1147748550 80 40 11
! Queef~ 1 0 4 1147748523 80 40 14
! Hearb~ 1 0 4 1128393726 57 0 0
! Xestrio~ 1 1 4 1128075077 80 23 0
! Atlas~ 1 0 4 1128390983 80 0 0
! Angus~ 1 0 4 1128390910 70 0 0
! Magus~ 1 0 4 1091859784 80 0 0
! Talon~ 1 0 4 1147748500 80 40 20
! Mitro~ 3 0 0 1123529501 80 13 0
! Grim~ 1 1 4 1106262819 80 40 20
! Scratch~ 6 1 4 1088111040 80 35 0
! Osiris~ 1 0 0 1083338754 31 0 0
! Xen~ 1 0 4 1110083942 80 5 0
! Dagoth~ 5 1 0 1085322677 80 0 0
! Nifret~ 1 0 0 1087151513 55 0 0
! Thantosis~ 3 3 5 1147782014 80 15 0
! Drache~ 8 3 0 1111860116 80 40 20
! Jadzia~ 1 0 4 1128391321 50 0 0
! Chavala~ 3 0 4 1098273302 45 0 0
! Frodo~ 1 1 4 1089634757 80 40 10
! Kuro~ 1 0 0 1089176075 80 0 0
! Zoom~ 1 0 4 1128372744 28 0 0
! Kord~ 1 1 4 1086671176 28 0 0
! Killika~ 5 0 0 1087787268 35 0 0
! Vexius~ 5 0 0 1148493653 70 0 0
! Phenix~ 1 0 0 1102725276 80 40 7
! Blitzkrieg~ 1 0 4 1128372643 80 5 0
! Dammit~ 1 0 0 1088470030 20 0 0
! Kroh~ 1 0 4 1093799396 80 4 0
! Arkhon~ 1 0 4 1103380851 80 0 0
! Zelper~ 1 0 4 1109130024 80 0 0
! Myloque~ 1 0 4 1101414940 80 17 0
! Iago~ 1 1 4 1091520493 64 0 0
! Wulfgar~ 3 0 4 1094995136 80 0 0
! Tak~ 3 3 7 1118862967 80 40 20
! Kronarra~ 3 0 0 1107621787 80 0 0
! Soledad~ 1 0 4 1148959503 80 40 20
! Ness~ 8 0 4 1111807413 80 40 20
! Hunch~ 8 0 4 1111619274 80 13 0
! Ibis~ 8 0 0 1111272370 80 40 15
! Ginkie~ 7 3 7 1099793642 70 0 0
! Stubb~ 8 1 4 1110781839 80 0 0
! Aros~ 6 1 4 1117733610 80 2 0
! Xochitli~ 3 1 0 1096663275 80 9 0
! Yathrin~ 3 0 4 1148755868 80 25 0
! Noam~ 8 1 4 1111807466 80 40 6
! Adarkar~ 8 1 4 1111286414 80 40 1
! Oop~ 3 0 0 1103255241 40 0 0
! Vex~ 5 0 0 1148754773 80 40 11
! Charlie~ 3 0 0 1098452615 25 0 0
! Yave~ 5 0 0 1148755525 41 0 0
! Banter~ 5 0 4 1100655529 40 0 0
! Link~ 5 0 0 1097881523 52 0 0
! Guvwen~ 6 0 4 1099391155 80 0 0
! Forbin~ 1 0 4 1110051705 20 0 0
! Krall~ 3 1 4 1100264586 80 16 0
! Astraea~ 8 0 4 1118515090 80 40 18
! Set~ 6 0 4 1098749825 80 40 20
! Sapphire~ 6 0 0 1104429429 50 0 0
! Sphynxx~ 6 0 4 1099882663 80 1 0
! Rage~ 3 0 0 1128112346 80 40 13
! Ogie~ 7 1 4 1099531451 80 5 0
! Gonz~ 7 1 4 1099529568 80 40 12
! Khurol~ 6 3 5 1149448331 80 40 20
! Furyn~ 6 0 0 1101177100 80 40 20
! Silanda~ 6 0 4 1103533786 80 0 0
! Zephiel~ 2 0 4 1128385791 80 40 20
! Dave~ 2 0 4 1120542887 80 2 0
! Delion~ 2 0 4 1109841017 80 40 11
! FES~ 2 0 4 1106433230 80 5 0
! Vengeance~ 6 0 0 1100984507 80 5 0
! Falacy~ 6 0 4 1102120317 80 40 20
! Huma~ 2 0 4 1147813081 50 0 0
! Rutherford~ 6 1 4 1110776017 80 15 0
! Ransom~ 6 3 7 1148971729 80 40 20
! Volcanon~ 1 1 4 1148527416 80 40 20
! Vendil~ 6 1 4 1101665618 80 13 0
! Everest~ 6 0 5 1103533775 80 14 0
! Sherry~ 1 0 0 1149039964 80 40 20
! Leviticus~ 8 1 4 1111637764 80 40 20
! Arwinne~ 8 0 0 1105827426 80 15 0
! Boo~ 6 1 4 1116691179 80 11 0
! Blitz~ 1 0 4 1107985195 80 22 0
! Gaendalor~ 1 0 4 1109363435 80 7 0
! Purge~ 6 0 4 1127109068 80 5 0
! Frizzle~ 6 0 0 1102959123 80 0 0
! XIXIS~ 6 0 0 1103931842 80 0 0
! Synzra~ 3 1 4 1128385773 80 40 20
! Asima~ 8 0 4 1111287058 80 40 20
! Krome~ 6 0 0 1107822639 80 5 0
! Sphere~ 6 0 0 1107715468 80 0 0
! Jadelyn~ 6 0 4 1103532720 80 7 0
! Sin~ 1 0 4 1125278643 80 7 0
! Alias~ 5 2 0 1107822176 80 25 0
! Riddick~ 5 0 0 1107117289 80 5 0
! Trizik~ 5 0 0 1107318568 80 5 0
! Aragorn~ 5 0 0 1108000657 63 0 0
! Daffy~ 3 3 5 1148258234 80 40 20
! Nightrage~ 8 3 4 1149083805 80 40 20
! Lazarus~ 8 0 4 1107829316 80 0 0
! Destinee~ 3 3 5 1113361952 80 0 0
! Shyro~ 8 0 0 1109471602 80 16 0
! Elindara~ 8 0 0 1109388456 80 14 0
! Gob~ 8 0 4 1111321247 80 10 0
! Spellbound~ 3 1 4 1107650489 44 0 0
! Isadora~ 8 0 4 1108870917 80 0 0
! Battousai~ 3 1 4 1113995089 80 15 0
! Mich~ 3 1 6 1114825279 80 17 0
! Wylde~ 3 1 4 1127454897 80 40 5
! Kaz~ 5 0 0 1109968945 35 0 0
! Morgance~ 3 0 0 1108248561 21 0 0
! Syrus~ 8 0 0 1108184815 26 0 0
! Gyro~ 8 0 4 1111920376 68 0 0
! Xander~ 3 0 0 1118862699 80 40 12
! Eamon~ 3 0 4 1108513007 70 0 0
! Layne~ 6 0 4 1121980144 80 15 0
! Hollow~ 6 0 0 1108596340 40 0 0
! Geek~ 8 0 4 1111610779 80 25 0
! Vigil~ 8 3 0 1114918455 80 40 20
! Darius~ 5 0 0 1128034422 25 0 0
! ChumbaWumba~ 1 0 4 1109646674 25 0 0
! Nuggles~ 8 0 4 1114167369 80 40 8
! Hate~ 8 0 4 1110712022 59 0 0
! Monkito~ 8 0 4 1111803414 80 12 0
! Kiatari~ 1 0 4 1149416723 80 40 20
! Crysania~ 8 0 4 1149192305 80 40 20
! Boom~ 8 0 0 1109814744 80 7 0
! Dorian~ 8 0 0 1111808039 42 0 0
! Slim~ 8 0 0 1111920332 62 0 0
! Bael~ 8 0 4 1111287113 80 40 20
! Kronos~ 6 3 7 1149574658 80 40 20
! Vein~ 8 0 4 1111433424 50 0 0
! Eranwolf~ 1 0 4 1123734406 80 40 20
! Vial~ 8 1 4 1111807501 80 0 0
! Lude~ 8 0 4 1111573465 72 0 0
! Vaihl~ 1 0 4 1120090551 80 40 20
! Zyta~ 1 1 4 1148864866 80 40 20
! Savarna~ 1 0 4 1148742273 80 40 10
! Perost~ 1 0 0 1128395772 63 0 0
! Flidais~ 1 0 4 1113351096 22 0 0
! Alysian~ 1 0 4 1148600430 80 0 0
! Logis~ 8 0 0 1119922441 80 40 3
! Ballast~ 8 0 0 1113029768 80 40 3
! Lucan~ 8 1 4 1128008680 80 40 8
! Mishra~ 5 0 0 1124256584 80 0 0
! Carol~ 3 0 4 1148755678 60 0 0
! NewiR~ 3 0 4 1147968323 80 0 0
! Taiyed~ 6 0 0 1121473170 80 17 0
! Ogma~ 0 0 0 0 0 0 0
! Crimyon~ 1 0 4 1128524974 80 40 20
! Avion~ 1 0 4 1148493970 80 40 20
! Apophis~ 1 0 4 1128375859 20 0 0
! Apathy~ 1 0 0 1148214632 80 40 20
! Baal~ 1 0 4 1149265728 80 40 20
! Zsabre~ 1 0 0 1127619432 80 0 0
! Raylyn~ 5 0 0 1128634107 80 40 12
! Skaless~ 1 0 4 1128433765 80 40 20
! Gambler~ 1 0 4 1128372907 26 0 0
! Karsh~ 6 2 5 1149638859 80 40 20
! Bohica~ 1 0 4 1128375742 26 0 0
! Dilbert~ 1 0 4 1128376664 22 0 0
! Booth~ 1 0 4 1128376484 20 0 0
! Shrek~ 1 0 4 1128377309 23 0 0
! Jasper~ 6 0 0 1128385710 80 40 20
! Sinestry~ 6 0 0 1147830648 80 40 20
! Horagash~ 6 0 0 1128385742 80 40 20
! Lillian~ 6 0 0 1149511459 42 0 0
! Icege~ 1 0 0 1148336092 70 0 0
! Alustriel~ 6 0 0 1149337575 80 40 20
E
